6.4854596066 -0.9279853162 -0.0057134389 25.0000000000 25.0000000000 17.0000000000
6.4108746457 -0.8686591443 -0.0064153432 25.0000000000 25.0000000000 18.0000000000
6.3112652707 -0.8549872693 -0.0036153554 27.0000000000 25.0000000000 18.0000000000
3.1595929074 -0.9399482068 -0.0374135732 29.0000000000 29.0000000000 20.0000000000
3.0529034543 -0.9497138318 -0.0330190419 29.0000000000 31.0000000000 20.0000000000
3.0659649777 -0.8750068006 -0.0492162465 28.0000000000 29.0000000000 20.0000000000
2.9374859738 -0.9211493787 -0.0416173695 29.0000000000 29.0000000000 20.0000000000
2.8329937863 -0.9262763318 -0.0374135732 40.0000000000 41.0000000000 23.0000000000
2.8168805050 -0.7734443006 -0.0461187123 27.0000000000 31.0000000000 22.0000000000
2.6809552121 -0.7436591443 -0.0431127309 30.0000000000 37.0000000000 24.0000000000
3.2443707394 -0.9323798474 -0.0369176625 28.0000000000 29.0000000000 20.0000000000
3.1168072629 -0.7097235974 -0.0448140858 28.0000000000 31.0000000000 20.0000000000
3.0053570675 -0.7226630506 -0.0397176503 31.0000000000 33.0000000000 23.0000000000
3.9749005246 -0.8330146130 -0.0366124867 27.0000000000 27.0000000000 20.0000000000
3.8954937863 -0.7885810193 -0.0355138539 27.0000000000 28.0000000000 20.0000000000
3.8117535519 -0.7509833630 -0.0339116811 28.0000000000 30.0000000000 19.0000000000
3.6961529660 -0.6792060193 -0.0329122304 29.0000000000 30.0000000000 21.0000000000
3.6195538449 -0.6306220349 -0.0323171376 29.0000000000 29.0000000000 21.0000000000
3.5375836300 -0.5905829724 -0.0310125111 29.0000000000 30.0000000000 20.0000000000
2.8018658566 -0.0527411756 -0.0313176869 29.0000000000 32.0000000000 22.0000000000
2.7073834347 -0.0344306287 -0.0287160634 31.0000000000 36.0000000000 28.0000000000
2.6785748410 0.0976494494 -0.0351171254 32.0000000000 32.0000000000 20.0000000000
2.5668805050 0.0859306994 -0.0302190541 32.0000000000 35.0000000000 24.0000000000
2.4958966183 0.1450127307 -0.0310125111 32.0000000000 36.0000000000 26.0000000000
2.2734845090 0.0278252307 -0.0159139394 33.0000000000 33.0000000000 23.0000000000
2.1704571652 0.0283135120 -0.0122136830 34.0000000000 36.0000000000 25.0000000000
4.2742779660 -0.7924872693 -0.0280141591 25.0000000000 25.0000000000 17.0000000000
4.2200787472 -0.7094794568 -0.0298146962 27.0000000000 27.0000000000 19.0000000000
4.1219952511 -0.6909247693 -0.0263128041 28.0000000000 27.0000000000 19.0000000000
4.2653668332 -0.3134833630 -0.0522145985 28.0000000000 28.0000000000 19.0000000000
4.2658551144 -0.1455146130 -0.0609121083 27.0000000000 29.0000000000 20.0000000000
2.8660748410 0.6894463244 -0.0470189809 31.0000000000 32.0000000000 23.0000000000
4.6244976925 -0.8010321912 -0.0244130849 24.0000000000 27.0000000000 20.0000000000
4.6544049191 -0.6010810193 -0.0355138539 25.0000000000 26.0000000000 18.0000000000
4.7503521847 -0.3066474256 -0.0543126820 25.0000000000 26.0000000000 18.0000000000
4.6995709347 -0.8886786756 -0.0127172231 32.0000000000 37.0000000000 21.0000000000
4.7639630246 -0.6474677380 -0.0269155263 38.0000000000 53.0000000000 22.0000000000
4.1630719113 -0.8906318006 -0.0329122304 28.0000000000 28.0000000000 21.0000000000
4.0686505246 -0.8632880506 -0.0290136098 28.0000000000 27.0000000000 20.0000000000
4.0570538449 -0.6508857068 -0.0378179311 29.0000000000 29.0000000000 17.0000000000
3.9069073605 -0.6975165662 -0.0276174306 30.0000000000 29.0000000000 19.0000000000
3.8646710324 -0.6008368787 -0.0297155141 27.0000000000 29.0000000000 19.0000000000
3.7756817746 -0.5666571912 -0.0266179799 29.0000000000 30.0000000000 19.0000000000
3.7719586300 -0.4169989880 -0.0331182240 27.0000000000 29.0000000000 21.0000000000
3.7402813840 -0.3044501599 -0.0366124867 29.0000000000 27.0000000000 19.0000000000
3.6270611691 -0.3029853162 -0.0308141469 32.0000000000 34.0000000000 25.0000000000
3.8055890011 0.0212334338 -0.0550145863 28.0000000000 28.0000000000 19.0000000000
3.6985943722 0.0322197620 -0.0499181508 28.0000000000 29.0000000000 20.0000000000
3.5764630246 0.0219658557 -0.0432119130 28.0000000000 30.0000000000 20.0000000000
3.4714825558 0.1950615588 -0.0459127187 28.0000000000 31.0000000000 20.0000000000
2.2657940793 0.9882744494 -0.0265187978 34.0000000000 35.0000000000 24.0000000000
2.6349957394 -0.6713935193 -0.0285176991 30.0000000000 31.0000000000 21.0000000000
2.5518658566 -0.6337958630 -0.0261144399 30.0000000000 30.0000000000 21.0000000000
2.5089581418 -0.5395575818 -0.0285176991 30.0000000000 32.0000000000 21.0000000000
2.4736798214 -0.4338446912 -0.0318135976 32.0000000000 34.0000000000 23.0000000000
2.3979962277 -0.3855048474 -0.0304174184 31.0000000000 33.0000000000 23.0000000000
2.3930523800 -0.3139716443 -0.0337133168 31.0000000000 31.0000000000 21.0000000000
2.2998516964 -0.2902900037 -0.0302190541 31.0000000000 31.0000000000 22.0000000000
2.1536724972 -0.3444892224 -0.0202169179 33.0000000000 33.0000000000 24.0000000000
2.0663922238 -0.3134833630 -0.0174169301 30.0000000000 32.0000000000 23.0000000000
1.9880841183 -0.2695380506 -0.0157155751 31.0000000000 33.0000000000 23.0000000000
1.9686749386 -0.1381903943 -0.0214147328 32.0000000000 32.0000000000 23.0000000000
1.8798687863 -0.1098700818 -0.0185155629 31.0000000000 33.0000000000 22.0000000000
1.8791973996 -0.0300360974 -0.0225133656 30.0000000000 33.0000000000 22.0000000000
1.8220684933 0.0463799182 -0.0237188100 33.0000000000 33.0000000000 22.0000000000
1.7437603879 0.0910576526 -0.0222158192 35.0000000000 34.0000000000 23.0000000000
1.6151593136 0.0588310901 -0.0144185780 34.0000000000 35.0000000000 23.0000000000
1.5402081418 0.1076592151 -0.0134191274 33.0000000000 34.0000000000 23.0000000000
1.4638531613 0.1547783557 -0.0123128651 33.0000000000 33.0000000000 23.0000000000
1.3776715207 0.2695244494 -0.0143117665 32.0000000000 33.0000000000 22.0000000000
1.2560894894 0.2453545276 -0.0074147939 31.0000000000 33.0000000000 23.0000000000
1.1751568722 0.2849053088 -0.0058126210 32.0000000000 33.0000000000 23.0000000000
1.1046612668 0.3408135120 -0.0055150746 32.0000000000 33.0000000000 24.0000000000
1.0446026730 0.4138115588 -0.0067128896 32.0000000000 34.0000000000 23.0000000000
0.8937848019 0.4250420276 -0.0005178212 33.0000000000 34.0000000000 24.0000000000
0.8258526730 0.4853447620 -0.0007161855 34.0000000000 35.0000000000 24.0000000000
0.7465069699 0.5268486682 0.0004816295 36.0000000000 35.0000000000 24.0000000000
0.7285626340 0.6706474963 -0.0064153432 35.0000000000 35.0000000000 24.0000000000
0.6342633175 0.6877373401 -0.0033178090 37.0000000000 37.0000000000 24.0000000000
0.5521710324 0.7250908557 -0.0018148183 38.0000000000 37.0000000000 25.0000000000
0.4680035519 0.6706474963 0.0047846080 40.0000000000 38.0000000000 25.0000000000
0.3728497433 0.6850517932 0.0079813243 41.0000000000 39.0000000000 25.0000000000
0.3069928097 0.7492607776 0.0072870494 39.0000000000 38.0000000000 25.0000000000
0.1987774777 0.7407158557 0.0122843028 40.0000000000 38.0000000000 25.0000000000
1.4984600949 -0.8850165662 -0.0213155507 29.0000000000 31.0000000000 22.0000000000
1.4376080441 -0.7431708630 -0.0255117177 36.0000000000 46.0000000000 28.0000000000
1.2203839230 -0.9062568006 -0.0061177968 31.0000000000 31.0000000000 23.0000000000
1.1310894894 -0.8837958630 -0.0028142690 31.0000000000 31.0000000000 22.0000000000
1.0863507199 -0.7956610974 -0.0052175282 33.0000000000 32.0000000000 22.0000000000
1.1754620480 -0.5068427380 -0.0247182607 30.0000000000 32.0000000000 22.0000000000
1.0605938840 -0.6003485974 -0.0141134023 31.0000000000 33.0000000000 23.0000000000
0.9098980832 -0.6701728162 -0.0031118153 32.0000000000 34.0000000000 24.0000000000
0.9058087277 -0.5190497693 -0.0109166859 31.0000000000 32.0000000000 22.0000000000
1.0197613644 -0.1855536756 -0.0341176747 33.0000000000 34.0000000000 22.0000000000
0.9949810910 -0.0622626599 -0.0395116566 31.0000000000 32.0000000000 22.0000000000
0.8668682980 -0.0979071912 -0.0315160512 34.0000000000 35.0000000000 23.0000000000
0.5303814816 -0.4599677380 0.0039835216 29.0000000000 33.0000000000 22.0000000000
0.4413922238 -0.3581610974 0.0025873424 32.0000000000 34.0000000000 21.0000000000
0.6009991574 0.0578545276 -0.0274190663 43.0000000000 43.0000000000 24.0000000000
0.2631695675 -0.3164130506 0.0085840465 32.0000000000 35.0000000000 24.0000000000
0.1173565793 -0.3874579724 0.0192880870 33.0000000000 34.0000000000 23.0000000000
0.1071026730 -0.2402411756 0.0115823985 33.0000000000 34.0000000000 23.0000000000
0.0113995480 -0.1486884412 0.0108881236 35.0000000000 36.0000000000 26.0000000000
-0.0531146121 -0.0881415662 0.0103845836 34.0000000000 35.0000000000 25.0000000000
-0.0623309207 0.0644463244 0.0023813487 35.0000000000 34.0000000000 26.0000000000
0.0034039425 0.3437431994 -0.0162191151 34.0000000000 33.0000000000 23.0000000000
-0.0394427371 0.4438408557 -0.0199117421 38.0000000000 38.0000000000 27.0000000000
-0.2193133426 0.3115166370 -0.0046148061 39.0000000000 40.0000000000 25.0000000000
-0.4407488895 0.0205010120 0.0213861705 34.0000000000 34.0000000000 25.0000000000
-0.5220477176 0.0519951526 0.0230875255 36.0000000000 35.0000000000 26.0000000000
1.0237896847 -0.8542548474 -0.0153188466 30.0000000000 31.0000000000 22.0000000000
0.9719708371 -0.7773505506 -0.0166158437 30.0000000000 31.0000000000 22.0000000000
0.8737042355 -0.7678290662 -0.0122136830 31.0000000000 32.0000000000 23.0000000000
0.7754986691 -0.7585517224 -0.0077123402 32.0000000000 33.0000000000 22.0000000000
0.7108014035 -0.6230536756 -0.0116185902 31.0000000000 32.0000000000 23.0000000000
0.6289532590 -0.5898505506 -0.0094136952 31.0000000000 33.0000000000 22.0000000000
0.5108502316 -0.6118232068 -0.0024175404 31.0000000000 32.0000000000 22.0000000000
0.3973858761 -0.6274482068 0.0039835216 29.0000000000 32.0000000000 22.0000000000
0.3563092160 -0.5334540662 0.0008859874 31.0000000000 33.0000000000 23.0000000000
0.1982891964 -0.5400458630 0.0087824107 31.0000000000 33.0000000000 22.0000000000
0.1284649777 -0.4899970349 0.0094843150 31.0000000000 32.0000000000 23.0000000000
-0.0438372684 -0.4414130506 0.0148859264 33.0000000000 34.0000000000 24.0000000000
-0.0651385379 -0.3144599256 0.0089884044 30.0000000000 33.0000000000 22.0000000000
-0.1124407840 -0.2282782849 0.0063867809 32.0000000000 33.0000000000 23.0000000000
-0.1943499637 -0.2780829724 0.0128870250 33.0000000000 34.0000000000 25.0000000000
-0.2094256473 -0.1394110974 0.0059824229 30.0000000000 32.0000000000 24.0000000000
-0.3119036746 -0.1416083630 0.0106821300 31.0000000000 32.0000000000 23.0000000000
-0.3674456668 -0.0678778943 0.0090875865 34.0000000000 35.0000000000 25.0000000000
-0.4730364871 -0.0756903943 0.0142832042 32.0000000000 33.0000000000 24.0000000000
-0.5680071903 -0.0671454724 0.0180826427 33.0000000000 33.0000000000 24.0000000000
-0.7273089481 -0.0832587537 0.0259866954 34.0000000000 33.0000000000 24.0000000000
-0.7946307254 -0.0293036756 0.0258875133 32.0000000000 33.0000000000 24.0000000000
-0.9127337528 -0.0615302380 0.0327844859 32.0000000000 33.0000000000 23.0000000000
-0.9470355106 0.0488213244 0.0279855968 32.0000000000 34.0000000000 24.0000000000
1.3936016964 -0.8488837537 -0.0222158192 33.0000000000 32.0000000000 24.0000000000
1.3162091183 -0.8813544568 -0.0165166615 31.0000000000 32.0000000000 23.0000000000
0.7535870480 -0.2404853162 -0.0204152821 34.0000000000 35.0000000000 23.0000000000
0.4296734738 -0.5629950818 0.0123834850 30.0000000000 33.0000000000 22.0000000000
0.3791973996 -0.4060126599 0.0066843272 31.0000000000 33.0000000000 22.0000000000
0.5028546261 -0.0639716443 -0.0173177480 31.0000000000 33.0000000000 22.0000000000
0.1419537472 -0.1364814099 0.0037851573 32.0000000000 35.0000000000 24.0000000000
0.2373516964 0.1706474963 -0.0171117543 33.0000000000 36.0000000000 28.0000000000
0.0883038449 0.3449639026 -0.0195150136 38.0000000000 36.0000000000 24.0000000000
-0.1388079715 0.3139580432 -0.0073156117 36.0000000000 35.0000000000 25.0000000000
-0.3247210575 0.1811455432 0.0083856822 46.0000000000 51.0000000000 35.0000000000
-0.5819232059 0.0119560901 0.0292825938 35.0000000000 35.0000000000 26.0000000000
-0.5249163700 0.2697685901 0.0124826671 59.0000000000 67.0000000000 38.0000000000
-0.6714007450 0.1957939807 0.0231867076 35.0000000000 33.0000000000 25.0000000000
-0.8060442996 0.1398857776 0.0321817638 35.0000000000 34.0000000000 25.0000000000
-0.8190447879 0.2851494494 0.0246820689 34.0000000000 34.0000000000 23.0000000000
-0.9981219364 0.1530693713 0.0398874522 31.0000000000 32.0000000000 22.0000000000
-1.1298968387 0.1826103870 0.0438852550 32.0000000000 33.0000000000 23.0000000000
-1.1975237918 0.2363213244 0.0437860728 32.0000000000 34.0000000000 23.0000000000
2.4720929074 -0.7629462537 -0.0643148183 34.0000000000 33.0000000000 20.0000000000
2.3975079464 -0.7851630506 -0.0591192006 29.0000000000 29.0000000000 20.0000000000
2.1758892941 -0.9231025037 -0.0403127431 32.0000000000 32.0000000000 21.0000000000
2.2717755246 -0.6560126599 -0.0581121205 31.0000000000 32.0000000000 23.0000000000
1.8799908566 -0.8720771130 -0.0264119862 31.0000000000 30.0000000000 22.0000000000
1.8126080441 -0.8149482068 -0.0254125356 29.0000000000 30.0000000000 22.0000000000
1.8061993527 -0.6044989880 -0.0350179433 31.0000000000 32.0000000000 23.0000000000
1.8973858761 -0.3357001599 -0.0528173207 31.0000000000 32.0000000000 22.0000000000
1.8306744504 -0.2753974256 -0.0521154164 30.0000000000 34.0000000000 21.0000000000
1.8029644894 -0.1626044568 -0.0561132191 29.0000000000 35.0000000000 23.0000000000
1.7059796261 -0.1428290662 -0.0519170522 27.0000000000 32.0000000000 25.0000000000
1.5124981808 -0.2553778943 -0.0362157582 33.0000000000 34.0000000000 23.0000000000
1.5812848019 -0.0857001599 -0.0481176137 35.0000000000 34.0000000000 23.0000000000
1.5206768918 -0.0168525037 -0.0483159779 32.0000000000 34.0000000000 23.0000000000
1.4050763058 -0.0241767224 -0.0420140981 33.0000000000 34.0000000000 23.0000000000
1.3359845090 0.0329521838 -0.0412130116 31.0000000000 34.0000000000 22.0000000000
1.2598736691 0.0800713244 -0.0397176503 31.0000000000 33.0000000000 23.0000000000
1.1951764035 0.1433037463 -0.0395116566 33.0000000000 33.0000000000 22.0000000000
1.0500958371 0.1699150744 -0.0335149525 32.0000000000 33.0000000000 22.0000000000
1.0247662472 0.2900322620 -0.0383138417 34.0000000000 35.0000000000 24.0000000000
0.9263775754 0.3049248401 -0.0342168568 33.0000000000 33.0000000000 24.0000000000
0.8426983761 0.3408135120 -0.0319127797 32.0000000000 34.0000000000 22.0000000000
0.7387555050 0.3466728870 -0.0270147084 34.0000000000 34.0000000000 25.0000000000
0.5720074582 0.1804131213 -0.0103139638 34.0000000000 36.0000000000 24.0000000000
0.6326764035 0.4284599963 -0.0261144399 47.0000000000 51.0000000000 32.0000000000
0.5887921261 0.5231865588 -0.0288152455 36.0000000000 33.0000000000 21.0000000000
0.5653546261 0.6491631213 -0.0342168568 32.0000000000 32.0000000000 22.0000000000
0.4346783566 0.6140068713 -0.0262136220 35.0000000000 36.0000000000 25.0000000000
0.3164532590 0.5964287463 -0.0196141957 35.0000000000 34.0000000000 23.0000000000
0.2593853879 0.6718681994 -0.0209188222 32.0000000000 35.0000000000 24.0000000000
0.1862652707 0.6411064807 -0.0158147572 34.0000000000 35.0000000000 25.0000000000
0.0836041379 0.6459892932 -0.0113134145 33.0000000000 34.0000000000 24.0000000000
0.0207989621 0.7126396838 -0.0119161366 38.0000000000 39.0000000000 25.0000000000
-0.1043231082 0.6813896838 -0.0045156239 38.0000000000 35.0000000000 25.0000000000
-0.1513201786 0.7726982776 -0.0072164296 33.0000000000 35.0000000000 24.0000000000
-0.2390276981 0.7997978870 -0.0047139882 34.0000000000 35.0000000000 25.0000000000
-0.3610980106 0.8552178088 -0.0022191762 35.0000000000 35.0000000000 26.0000000000
-0.4332415653 0.9069756213 -0.0018148183 35.0000000000 36.0000000000 27.0000000000
-0.5294940067 0.9194267932 0.0017862559 32.0000000000 33.0000000000 23.0000000000
-0.6505267215 0.8906181994 0.0086832286 31.0000000000 34.0000000000 24.0000000000
-0.7187029910 0.9482353870 0.0084848643 32.0000000000 32.0000000000 23.0000000000
-0.7870013309 1.0058525744 0.0082865001 31.0000000000 33.0000000000 25.0000000000
-0.9281146121 1.0275810901 0.0130853892 30.0000000000 33.0000000000 23.0000000000
-0.9776141239 1.1171806994 0.0101862193 32.0000000000 32.0000000000 23.0000000000
4.5169537472 -0.8291083630 -0.0231160878 27.0000000000 26.0000000000 17.0000000000
1.6638653683 -0.9140693006 -0.0219182729 38.0000000000 48.0000000000 32.0000000000
1.6172955441 -0.7592841443 -0.0266179799 28.0000000000 31.0000000000 20.0000000000
1.6714947629 -0.5439521130 -0.0398168324 29.0000000000 33.0000000000 23.0000000000
1.7268536496 -0.3249579724 -0.0532140492 30.0000000000 32.0000000000 24.0000000000
1.5595562863 -0.3979560193 -0.0407171010 32.0000000000 31.0000000000 22.0000000000
1.1566021847 -0.7858954724 -0.0004186391 32.0000000000 32.0000000000 23.0000000000
1.3527691769 -0.4516669568 -0.0270147084 35.0000000000 47.0000000000 26.0000000000
1.3632672238 -0.1408759412 -0.0427160024 34.0000000000 35.0000000000 23.0000000000
1.2786724972 -0.1054755506 -0.0400151967 35.0000000000 35.0000000000 23.0000000000
1.1877911496 0.0725029651 -0.0440129994 32.0000000000 33.0000000000 24.0000000000
0.9075787472 0.2175224963 -0.0369176625 31.0000000000 34.0000000000 23.0000000000
0.8164532590 0.2431572620 -0.0335149525 32.0000000000 33.0000000000 24.0000000000
0.4365094113 0.0854424182 -0.0065145253 34.0000000000 36.0000000000 25.0000000000
0.5316021847 0.3788994494 -0.0262136220 34.0000000000 34.0000000000 24.0000000000
0.2355816769 0.5759209338 -0.0220174550 37.0000000000 35.0000000000 25.0000000000
-0.1425921512 0.5659111682 -0.0035161732 36.0000000000 36.0000000000 25.0000000000
-0.3386370731 0.7504814807 -0.0042180775 35.0000000000 35.0000000000 25.0000000000
-0.4091326786 0.7221611682 0.0004816295 36.0000000000 34.0000000000 25.0000000000
-0.6068255496 0.7392510120 0.0085840465 34.0000000000 34.0000000000 25.0000000000
-0.7774188114 0.6320732776 0.0220880748 33.0000000000 33.0000000000 23.0000000000
-0.9062029910 0.5903252307 0.0300836803 32.0000000000 34.0000000000 23.0000000000
-0.9088275028 0.7517021838 0.0213861705 30.0000000000 32.0000000000 23.0000000000
-0.8863055301 0.9558037463 0.0092859508 32.0000000000 33.0000000000 25.0000000000
-1.0700213504 1.0771416370 0.0105829478 31.0000000000 33.0000000000 24.0000000000
-1.1433245731 1.1257256213 0.0109873058 29.0000000000 32.0000000000 23.0000000000
-1.2362200809 1.1418389026 0.0140848399 31.0000000000 32.0000000000 23.0000000000
-2.3490130496 -0.8999091443 0.0441828014 30.0000000000 30.0000000000 22.0000000000
-2.4693133426 -0.9440985974 0.0522852184 32.0000000000 31.0000000000 23.0000000000
4.0458844113 -0.7912665662 -0.0314168691 28.0000000000 29.0000000000 21.0000000000
3.9781964230 -0.7273017224 -0.0299138783 26.0000000000 28.0000000000 19.0000000000
3.8054058957 -0.5014716443 -0.0288152455 29.0000000000 30.0000000000 20.0000000000
3.8612530636 -0.3671943006 -0.0372152089 34.0000000000 39.0000000000 23.0000000000
1.0519879269 -0.9504462537 -0.0181188344 30.0000000000 31.0000000000 23.0000000000
0.7003033566 -0.7700263318 -0.0079183339 31.0000000000 32.0000000000 22.0000000000
0.0509503293 -0.4165107068 0.0079813243 32.0000000000 33.0000000000 23.0000000000
-0.6530291629 -0.0761786756 0.0248880626 33.0000000000 34.0000000000 25.0000000000
-0.7067401004 -0.0019599256 0.0234842540 32.0000000000 33.0000000000 24.0000000000
-1.0368182254 -0.0378485974 0.0409860851 31.0000000000 33.0000000000 23.0000000000
-1.0955340457 0.1069267932 0.0357828380 32.0000000000 32.0000000000 22.0000000000
-1.1867205692 0.1227959338 0.0390863658 32.0000000000 33.0000000000 24.0000000000
-1.2586199832 0.1686943713 0.0398874522 31.0000000000 32.0000000000 23.0000000000
-1.3433978153 0.1940849963 0.0422830821 31.0000000000 32.0000000000 22.0000000000
-1.3828265262 0.2919853870 0.0386820079 32.0000000000 32.0000000000 23.0000000000
-1.4826190067 0.2932060901 0.0430841685 34.0000000000 34.0000000000 25.0000000000
-1.5618426395 0.2460869494 0.0491876842 32.0000000000 33.0000000000 22.0000000000
-1.6748187137 0.2246025744 0.0553827525 31.0000000000 32.0000000000 22.0000000000
-1.7647234989 0.2399834338 0.0584879161 33.0000000000 32.0000000000 24.0000000000
-1.8607928348 0.2446221057 0.0623865367 31.0000000000 33.0000000000 22.0000000000
-1.9268939090 0.2988213244 0.0621881725 31.0000000000 32.0000000000 22.0000000000
-2.6331927371 -0.8842841443 0.0292825938 30.0000000000 31.0000000000 22.0000000000
3.8425763058 -0.9492255506 -0.0379171132 27.0000000000 27.0000000000 19.0000000000
3.7402813840 -0.8554755506 -0.0355138539 27.0000000000 28.0000000000 19.0000000000
3.6504986691 -0.8171454724 -0.0318135976 28.0000000000 29.0000000000 19.0000000000
3.6060040402 -0.7285224256 -0.0327138661 28.0000000000 28.0000000000 19.0000000000
3.5317852902 -0.6728583630 -0.0306157826 28.0000000000 30.0000000000 20.0000000000
3.4548809933 -0.6203681287 -0.0283117055 26.0000000000 31.0000000000 21.0000000000
3.3790753293 -0.5666571912 -0.0261144399 29.0000000000 30.0000000000 21.0000000000
3.2408917355 -0.5141669568 -0.0204152821 28.0000000000 29.0000000000 20.0000000000
3.3022931027 -0.3029853162 -0.0324163197 28.0000000000 29.0000000000 19.0000000000
0.7244732785 -0.9143134412 -0.0244130849 30.0000000000 31.0000000000 21.0000000000
0.6379864621 -0.8852607068 -0.0211171864 30.0000000000 32.0000000000 22.0000000000
0.5479596066 -0.8615790662 -0.0174169301 31.0000000000 33.0000000000 24.0000000000
0.4963848996 -0.7871161756 -0.0184163808 30.0000000000 31.0000000000 23.0000000000
0.4005597043 -0.6997138318 -0.0176152943 33.0000000000 37.0000000000 25.0000000000
0.2841046261 -0.7119208630 -0.0108175038 29.0000000000 31.0000000000 22.0000000000
0.2068951535 -0.6718818006 -0.0088186024 31.0000000000 33.0000000000 23.0000000000
0.1201641964 -0.6450263318 -0.0056142567 31.0000000000 32.0000000000 22.0000000000
0.0016949582 -0.6618720349 0.0013818980 30.0000000000 32.0000000000 23.0000000000
-0.0796038700 -0.5556708630 0.0001840831 30.0000000000 33.0000000000 23.0000000000
-0.1676165653 -0.5312568006 0.0033807994 30.0000000000 33.0000000000 23.0000000000
-0.1709124637 -0.3889228162 -0.0038137196 30.0000000000 32.0000000000 22.0000000000
-0.2545916629 -0.3584052380 -0.0011129140 31.0000000000 32.0000000000 22.0000000000
-0.3499285770 -0.3447333630 0.0029840709 32.0000000000 32.0000000000 22.0000000000
-0.4788958621 -0.3051825818 0.0073862315 32.0000000000 33.0000000000 25.0000000000
-0.5001360965 -0.1857978162 0.0020838023 32.0000000000 33.0000000000 24.0000000000
-0.6181170536 -0.2060614880 0.0089884044 33.0000000000 33.0000000000 25.0000000000
-0.6851946903 -0.1525946912 0.0093851329 32.0000000000 31.0000000000 23.0000000000
-0.8017108036 -0.1718818006 0.0160837413 31.0000000000 33.0000000000 23.0000000000
-0.9310442996 -0.1350165662 0.0203867198 31.0000000000 31.0000000000 23.0000000000
-1.0193011356 -0.1140204724 0.0234842540 29.0000000000 32.0000000000 23.0000000000
-1.1752459598 -0.0412665662 0.0268869640 30.0000000000 31.0000000000 22.0000000000
-1.2724139286 -0.0346747693 0.0310831309 30.0000000000 31.0000000000 22.0000000000
-1.3488299442 0.0034111682 0.0325861217 32.0000000000 32.0000000000 24.0000000000
-1.4382464481 0.0993584338 0.0313883067 30.0000000000 31.0000000000 22.0000000000
-1.5289446903 0.1149834338 0.0346842052 30.0000000000 31.0000000000 22.0000000000
-1.6131121707 0.1403740588 0.0370874644 30.0000000000 33.0000000000 22.0000000000
-1.7070452762 0.1503838244 0.0407877208 29.0000000000 32.0000000000 22.0000000000
-1.7944476200 0.1699150744 0.0435877086 29.0000000000 30.0000000000 22.0000000000
-1.9292132450 0.1931084338 0.0482874156 31.0000000000 33.0000000000 23.0000000000
-2.0363299442 0.3413017932 0.0445871593 32.0000000000 33.0000000000 23.0000000000
-2.7934100223 -0.9067450818 0.0188837291 32.0000000000 33.0000000000 23.0000000000
3.4700787472 -0.8974677380 -0.0400151967 28.0000000000 28.0000000000 19.0000000000
3.3282940793 -0.9165107068 -0.0310125111 29.0000000000 30.0000000000 20.0000000000
3.1984723019 -0.8552314099 -0.0260152577 30.0000000000 30.0000000000 21.0000000000
3.1157696652 -0.8103095349 -0.0230169057 29.0000000000 32.0000000000 21.0000000000
3.1738751340 -0.6079169568 -0.0345144032 28.0000000000 29.0000000000 20.0000000000
3.0733502316 -0.5827704724 -0.0298146962 31.0000000000 34.0000000000 21.0000000000
2.9332745480 -0.6027900037 -0.0211171864 29.0000000000 32.0000000000 21.0000000000
2.9766705441 -0.4838935193 -0.0284185170 27.0000000000 30.0000000000 20.0000000000
2.9416973996 -0.3842841443 -0.0305166005 29.0000000000 30.0000000000 20.0000000000
2.8303692746 -0.3723212537 -0.0248174428 29.0000000000 33.0000000000 22.0000000000
2.9185040402 -0.1291571912 -0.0398168324 32.0000000000 46.0000000000 27.0000000000
2.6912091183 -0.1106025037 -0.0281133412 30.0000000000 34.0000000000 23.0000000000
2.6311505246 -0.0388251599 -0.0279149770 29.0000000000 30.0000000000 21.0000000000
2.5971539425 0.4265068713 -0.0460119008 29.0000000000 31.0000000000 23.0000000000
2.3059552121 0.2192314807 -0.0214147328 31.0000000000 33.0000000000 24.0000000000
2.3304913449 0.7648857776 -0.0467138051 33.0000000000 35.0000000000 23.0000000000
2.0656598019 0.5832451526 -0.0248174428 34.0000000000 35.0000000000 23.0000000000
1.9535992550 0.5908135120 -0.0194158315 33.0000000000 36.0000000000 22.0000000000
1.8181012082 0.5681084338 -0.0114125966 32.0000000000 33.0000000000 22.0000000000
1.9376080441 0.8701103870 -0.0311116933 30.0000000000 33.0000000000 24.0000000000
1.6454937863 0.5715264026 -0.0027150868 30.0000000000 32.0000000000 23.0000000000
0.3473980832 -0.8930732068 -0.0256185292 30.0000000000 30.0000000000 21.0000000000
0.2758648800 -0.8454657849 -0.0241155385 31.0000000000 30.0000000000 22.0000000000
0.2126934933 -0.7871161756 -0.0237188100 32.0000000000 32.0000000000 24.0000000000
0.1192486691 -0.7688056287 -0.0196141957 30.0000000000 30.0000000000 21.0000000000
0.0395977902 -0.8034735974 -0.0137166737 31.0000000000 31.0000000000 22.0000000000
-0.0321185184 -0.7570868787 -0.0122136830 31.0000000000 32.0000000000 23.0000000000
-0.0968157840 -0.7011786756 -0.0117177724 30.0000000000 32.0000000000 24.0000000000
-0.1793963504 -0.6694403943 -0.0090169667 32.0000000000 33.0000000000 24.0000000000
-0.2456194950 -0.6157294568 -0.0084142445 31.0000000000 34.0000000000 23.0000000000
-0.2791277957 -0.5168525037 -0.0118169545 31.0000000000 32.0000000000 22.0000000000
-0.4235369754 -0.4980536756 -0.0054158925 32.0000000000 33.0000000000 24.0000000000
-0.4868304325 -0.4399482068 -0.0052175282 30.0000000000 33.0000000000 23.0000000000
-0.5883929325 -0.4357978162 -0.0003118275 30.0000000000 32.0000000000 23.0000000000
-0.6185442996 -0.3310614880 -0.0043172597 31.0000000000 33.0000000000 23.0000000000
-0.7168109012 -0.3227607068 0.0000849010 31.0000000000 33.0000000000 25.0000000000
-0.8327166629 -0.2658759412 0.0027857066 30.0000000000 31.0000000000 23.0000000000
-0.9286028934 -0.2548896130 0.0068826915 33.0000000000 34.0000000000 24.0000000000
-1.0175921512 -0.2346259412 0.0100870372 32.0000000000 31.0000000000 23.0000000000
-1.0830218387 -0.1801825818 0.0103845836 32.0000000000 32.0000000000 23.0000000000
-1.1777484012 -0.1684638318 0.0142832042 31.0000000000 32.0000000000 23.0000000000
-1.2511126590 -0.1259833630 0.0154810191 30.0000000000 32.0000000000 22.0000000000
-1.3787371707 -0.0883857068 0.0194864513 31.0000000000 32.0000000000 23.0000000000
-1.4523455692 -0.0463935193 0.0205850841 31.0000000000 32.0000000000 23.0000000000
-1.5502459598 -0.0415107068 0.0248880626 31.0000000000 34.0000000000 25.0000000000
-1.6022479129 0.0331963244 0.0231867076 29.0000000000 31.0000000000 20.0000000000
-1.6837908817 0.0627373401 0.0252847911 30.0000000000 33.0000000000 22.0000000000
-1.8847186160 0.1398857776 0.0300836803 32.0000000000 31.0000000000 22.0000000000
-2.0333392215 0.2202080432 0.0321817638 31.0000000000 33.0000000000 23.0000000000
-2.1184222293 0.2429131213 0.0345850230 33.0000000000 34.0000000000 24.0000000000
-2.1803118778 0.3027275744 0.0338831187 33.0000000000 33.0000000000 25.0000000000
-2.2855975223 0.3727959338 0.0344858409 33.0000000000 34.0000000000 24.0000000000
2.8648541379 -0.7190009412 -0.0292119740 29.0000000000 31.0000000000 21.0000000000
2.8633892941 -0.5837470349 -0.0347127675 30.0000000000 31.0000000000 19.0000000000
2.7791607785 -0.4716864880 -0.0346135854 30.0000000000 32.0000000000 21.0000000000
2.7512677121 -0.3645087537 -0.0375127553 31.0000000000 34.0000000000 21.0000000000
2.6151593136 -0.3806220349 -0.0292119740 30.0000000000 33.0000000000 23.0000000000
2.6378033566 -0.2148505506 -0.0374135732 32.0000000000 34.0000000000 24.0000000000
2.5330059933 -0.1955634412 -0.0324163197 30.0000000000 32.0000000000 22.0000000000
2.4517071652 -0.1494208630 -0.0299138783 29.0000000000 31.0000000000 23.0000000000
2.4543927121 -0.0756903943 -0.0332174062 27.0000000000 30.0000000000 23.0000000000
2.3611920285 -0.0434638318 -0.0295171498 30.0000000000 31.0000000000 22.0000000000
2.0617535519 -0.1145087537 -0.0103139638 31.0000000000 33.0000000000 23.0000000000
2.0048077511 -0.0407782849 -0.0104131459 32.0000000000 33.0000000000 23.0000000000
2.0325787472 0.1357353870 -0.0196141957 34.0000000000 35.0000000000 23.0000000000
2.0634015011 0.2448662463 -0.0261144399 31.0000000000 31.0000000000 22.0000000000
1.9176495480 0.2123955432 -0.0169133900 31.0000000000 33.0000000000 21.0000000000
1.8997662472 0.3351982776 -0.0214147328 35.0000000000 36.0000000000 25.0000000000
1.8598492550 0.4318779651 -0.0236119984 35.0000000000 37.0000000000 23.0000000000
1.7357647824 0.4243096057 -0.0168142079 33.0000000000 34.0000000000 23.0000000000
1.6317608761 0.4411553088 -0.0122136830 34.0000000000 36.0000000000 23.0000000000
1.6468975949 0.6813896838 -0.0239171742 33.0000000000 33.0000000000 23.0000000000
1.8558819699 1.0961846057 -0.0535115956 35.0000000000 32.0000000000 24.0000000000
1.6569073605 0.9934014026 -0.0387181996 31.0000000000 33.0000000000 22.0000000000
1.6447003293 1.1293877307 -0.0443181752 31.0000000000 35.0000000000 21.0000000000
1.4660504269 1.0505303088 -0.0317144154 32.0000000000 33.0000000000 22.0000000000
1.2700055050 0.9470146838 -0.0171117543 33.0000000000 35.0000000000 24.0000000000
1.4623883175 1.2746514026 -0.0420140981 33.0000000000 34.0000000000 23.0000000000
1.0382550168 0.8703545276 -0.0020131825 34.0000000000 36.0000000000 25.0000000000
0.9736798214 0.9365166370 -0.0019140004 35.0000000000 36.0000000000 26.0000000000
1.0583966183 1.3569267932 -0.0260152577 36.0000000000 39.0000000000 27.0000000000
0.8035748410 1.1682060901 -0.0047139882 39.0000000000 43.0000000000 29.0000000000
0.5996563840 0.9689873401 0.0146875621 44.0000000000 45.0000000000 29.0000000000
0.8317730832 1.4396904651 -0.0191182851 39.0000000000 39.0000000000 27.0000000000
-0.1516253543 -0.9191962537 -0.0129155873 30.0000000000 31.0000000000 22.0000000000
-0.1562029910 -0.7851630506 -0.0196141957 30.0000000000 31.0000000000 22.0000000000
-0.2191302371 -0.7275458630 -0.0192174672 30.0000000000 32.0000000000 22.0000000000
-0.2954241825 -0.6872626599 -0.0173177480 31.0000000000 33.0000000000 22.0000000000
-0.3563372684 -0.6267157849 -0.0172185658 31.0000000000 34.0000000000 23.0000000000
-0.6869036746 -0.4306708630 -0.0106191396 32.0000000000 33.0000000000 23.0000000000
-0.7651507450 -0.3938056287 -0.0086126088 31.0000000000 31.0000000000 23.0000000000
-0.8422381473 -0.3557196912 -0.0067128896 30.0000000000 31.0000000000 23.0000000000
-0.9792010379 -0.3291083630 -0.0013189076 32.0000000000 32.0000000000 24.0000000000
-1.1417376590 -0.2658759412 0.0032816173 32.0000000000 32.0000000000 23.0000000000
-1.2360980106 -0.2536689099 0.0071878673 30.0000000000 32.0000000000 22.0000000000
-1.2953021121 -0.1909247693 0.0065851451 31.0000000000 33.0000000000 23.0000000000
-1.5974261356 -0.1103583630 0.0165872813 31.0000000000 32.0000000000 22.0000000000
-1.7822405887 0.0678642932 0.0152826549 31.0000000000 32.0000000000 23.0000000000
-2.0192401004 0.0895928088 0.0249872447 31.0000000000 32.0000000000 23.0000000000
-2.0800311160 0.1503838244 0.0242853404 31.0000000000 33.0000000000 24.0000000000
-2.1829363895 0.1452568713 0.0291834117 32.0000000000 33.0000000000 23.0000000000
-2.2279192996 0.2307060901 0.0262842418 33.0000000000 33.0000000000 24.0000000000
-2.4625384403 0.2512139026 0.0354852916 33.0000000000 33.0000000000 23.0000000000
-2.6846453739 0.0510185901 0.0566873790 32.0000000000 33.0000000000 24.0000000000
1.7393658566 0.0031670276 -0.0257177113 33.0000000000 34.0000000000 23.0000000000
1.7573712277 0.1672295276 -0.0340184926 34.0000000000 34.0000000000 24.0000000000
1.6832745480 0.2206963244 -0.0324163197 46.0000000000 51.0000000000 31.0000000000
1.5710919308 0.2275322620 -0.0267171620 32.0000000000 32.0000000000 22.0000000000
1.4967511105 0.2805107776 -0.0252141713 31.0000000000 33.0000000000 22.0000000000
1.4055645871 0.3850029651 -0.0252141713 32.0000000000 33.0000000000 24.0000000000
1.2261822629 0.4518974963 -0.0189122914 35.0000000000 36.0000000000 23.0000000000
1.0366681027 0.5048760120 -0.0116185902 32.0000000000 33.0000000000 23.0000000000
0.9750836300 0.5732353870 -0.0117177724 38.0000000000 39.0000000000 28.0000000000
0.8853619504 0.5317314807 -0.0052175282 33.0000000000 34.0000000000 24.0000000000
0.8858502316 0.6804131213 -0.0122136830 36.0000000000 37.0000000000 25.0000000000
0.8199932980 0.7436455432 -0.0119161366 35.0000000000 35.0000000000 24.0000000000
0.7114727902 0.7512139026 -0.0068120717 34.0000000000 36.0000000000 24.0000000000
0.6369488644 0.8027275744 -0.0056142567 38.0000000000 38.0000000000 25.0000000000
0.5513775754 0.8398369494 -0.0031118153 51.0000000000 46.0000000000 27.0000000000
0.3591778683 0.8093193713 0.0077829601 38.0000000000 37.0000000000 26.0000000000
0.3378765988 0.9318779651 0.0028848888 39.0000000000 38.0000000000 26.0000000000
0.1988995480 0.8955010120 0.0113840343 39.0000000000 37.0000000000 25.0000000000
0.1027691769 0.9164971057 0.0148859264 44.0000000000 42.0000000000 28.0000000000
0.0604718136 1.0114678088 0.0122843028 38.0000000000 42.0000000000 30.0000000000
-0.0393206668 1.0270928088 0.0162821056 39.0000000000 36.0000000000 24.0000000000
-0.1165911746 0.9965752307 0.0213861705 40.0000000000 39.0000000000 27.0000000000
-0.2835223270 -0.7758857068 -0.0386190175 31.0000000000 31.0000000000 23.0000000000
-0.4693133426 -0.8796454724 -0.0233144521 30.0000000000 33.0000000000 23.0000000000
-0.4148089481 -0.6679755506 -0.0372152089 32.0000000000 34.0000000000 24.0000000000
-0.5305316043 -0.6804267224 -0.0304174184 32.0000000000 34.0000000000 23.0000000000
-0.6439349246 -0.6201239880 -0.0276174306 29.0000000000 30.0000000000 21.0000000000
-0.6750018192 -0.5197821912 -0.0313176869 31.0000000000 32.0000000000 23.0000000000
-0.7645403934 -0.4982978162 -0.0278157948 31.0000000000 30.0000000000 24.0000000000
-0.9960467410 -0.5288153943 -0.0143117665 33.0000000000 33.0000000000 25.0000000000
-1.1190325809 -0.5554267224 -0.0066137074 32.0000000000 33.0000000000 25.0000000000
-1.2641131473 -0.5419989880 0.0000849010 32.0000000000 31.0000000000 22.0000000000
-1.3701922489 -0.5468818006 0.0056848766 34.0000000000 33.0000000000 23.0000000000
-1.5933978153 -0.7187568006 0.0261850597 31.0000000000 30.0000000000 22.0000000000
-1.7536151004 -0.8034735974 0.0387811900 29.0000000000 31.0000000000 21.0000000000
-1.5374285770 -0.3486396130 0.0030832530 30.0000000000 31.0000000000 24.0000000000
-1.5319964481 -0.2673407849 -0.0017156361 26.0000000000 31.0000000000 21.0000000000
-1.7514178348 -0.4382392224 0.0184870006 33.0000000000 32.0000000000 23.0000000000
-1.7433001590 -0.2790595349 0.0092859508 29.0000000000 28.0000000000 21.0000000000
-2.0565325809 -0.5915595349 0.0417871715 29.0000000000 31.0000000000 22.0000000000
-1.9337298465 -0.2627021130 0.0174875499 29.0000000000 29.0000000000 21.0000000000
-1.9405047489 -0.1232978162 0.0099878551 28.0000000000 30.0000000000 21.0000000000
-2.3219134403 -0.6193915662 0.0559854747 30.0000000000 31.0000000000 22.0000000000
-2.3214251590 -0.4709540662 0.0475855113 30.0000000000 30.0000000000 22.0000000000
-2.3338152957 -0.3405829724 0.0407877208 31.0000000000 31.0000000000 22.0000000000
-2.4277484012 -0.3337470349 0.0446863414 32.0000000000 33.0000000000 23.0000000000
-2.4073016239 -0.1516181287 0.0333872081 32.0000000000 33.0000000000 23.0000000000
-2.4528338504 -0.0698310193 0.0306864024 32.0000000000 31.0000000000 22.0000000000
-2.6580340457 -0.2365790662 0.0496835948 31.0000000000 31.0000000000 22.0000000000
-2.7484271121 -0.3017646130 0.0574808360 32.0000000000 31.0000000000 23.0000000000
-2.9038226200 -0.3940497693 0.0698862315 32.0000000000 32.0000000000 22.0000000000
-2.9724261356 -0.3505927380 0.0703821422 32.0000000000 32.0000000000 24.0000000000
-2.8209979129 0.0444267932 0.0406809093 31.0000000000 33.0000000000 25.0000000000
-3.0531146121 -0.1728583630 0.0635843517 33.0000000000 33.0000000000 25.0000000000
-3.1433245731 -0.1638251599 0.0669870616 33.0000000000 33.0000000000 24.0000000000
1.5656598019 -0.9255439099 -0.0204152821 31.0000000000 31.0000000000 20.0000000000
1.5743878293 -0.8483954724 -0.0243139027 28.0000000000 31.0000000000 21.0000000000
1.7285626340 -0.3984443006 -0.0529165028 44.0000000000 48.0000000000 28.0000000000
1.6188824582 -0.3881903943 -0.0472173451 31.0000000000 35.0000000000 23.0000000000
1.4138653683 -0.3527900037 -0.0374135732 35.0000000000 33.0000000000 27.0000000000
1.5263531613 -0.1499091443 -0.0528173207 128.0000000000 128.0000000000 128.0000000000
0.9316876340 0.0463799182 -0.0295171498 36.0000000000 32.0000000000 19.0000000000
0.5327618527 0.2619560901 -0.0187139272 33.0000000000 35.0000000000 23.0000000000
0.5226910519 0.4670342151 -0.0280141591 32.0000000000 34.0000000000 25.0000000000
0.5078595090 0.5947197620 -0.0334157704 36.0000000000 34.0000000000 23.0000000000
0.3260968136 0.5053642932 -0.0198125600 36.0000000000 34.0000000000 23.0000000000
0.0977642941 0.5737236682 -0.0116185902 34.0000000000 34.0000000000 25.0000000000
-2.1751238895 -0.9062568006 0.0261850597 28.0000000000 28.0000000000 20.0000000000
-2.2722918582 -0.9040595349 0.0308847667 30.0000000000 31.0000000000 21.0000000000
-2.5017230106 -0.8093329724 0.0367822887 31.0000000000 30.0000000000 22.0000000000
-2.5329119754 -0.7111884412 0.0326853038 33.0000000000 31.0000000000 24.0000000000
-2.6670062137 -0.6931220349 0.0381860973 32.0000000000 33.0000000000 23.0000000000
-2.7023455692 -0.5998603162 0.0344858409 31.0000000000 32.0000000000 24.0000000000
-2.7183367801 -0.4770575818 0.0280847789 30.0000000000 32.0000000000 22.0000000000
-2.8725115848 -0.5642157849 0.0404825450 32.0000000000 33.0000000000 23.0000000000
-2.9358050418 -0.5131903943 0.0404825450 33.0000000000 33.0000000000 24.0000000000
-3.0382220340 -0.5229560193 0.0457849742 32.0000000000 32.0000000000 24.0000000000
-3.1591937137 -0.4877997693 0.0492868663 33.0000000000 33.0000000000 25.0000000000
-3.2282244754 -0.4460517224 0.0499811412 32.0000000000 33.0000000000 24.0000000000
-3.3737933231 -0.5263739880 0.0613870860 32.0000000000 33.0000000000 23.0000000000
-3.4331194950 -0.4699775037 0.0606851817 31.0000000000 33.0000000000 23.0000000000
-3.5463397098 -0.5004950818 0.0675821544 33.0000000000 33.0000000000 24.0000000000
3.6464093136 -0.5307685193 -0.0173177480 27.0000000000 29.0000000000 19.0000000000
3.5361798214 -0.5102607068 -0.0116185902 28.0000000000 29.0000000000 19.0000000000
3.5126812863 -0.3994208630 -0.0143117665 27.0000000000 29.0000000000 19.0000000000
0.2982647824 -0.6355048474 0.0014810802 31.0000000000 32.0000000000 24.0000000000
0.0702984738 -0.5742255506 0.0109873058 30.0000000000 33.0000000000 23.0000000000
-0.2639300418 -0.2321845349 0.0122843028 34.0000000000 34.0000000000 24.0000000000
-0.4323260379 -0.1679755506 0.0179834605 33.0000000000 33.0000000000 24.0000000000
-2.7590472293 -0.8525458630 0.0223856212 32.0000000000 32.0000000000 23.0000000000
-2.7987200809 -0.7678290662 0.0193872691 30.0000000000 32.0000000000 23.0000000000
-2.8542010379 -0.7065497693 0.0185861827 31.0000000000 31.0000000000 22.0000000000
-3.0216204715 -0.7409735974 0.0287866832 32.0000000000 32.0000000000 23.0000000000
-3.1015154910 -0.7170478162 0.0312814952 32.0000000000 32.0000000000 24.0000000000
-3.2533099246 -0.8034735974 0.0436868907 33.0000000000 32.0000000000 25.0000000000
-3.3447405887 -0.7985907849 0.0477838756 33.0000000000 32.0000000000 24.0000000000
-3.3972918582 -0.7336493787 0.0463876964 33.0000000000 33.0000000000 25.0000000000
-3.5016009403 -0.8230048474 0.0566873790 33.0000000000 33.0000000000 24.0000000000
-3.5210101200 -0.7063056287 0.0506830455 32.0000000000 33.0000000000 24.0000000000
-3.7205950809 -0.7263251599 0.0611810924 33.0000000000 33.0000000000 23.0000000000
-3.7599017215 -0.6403876599 0.0577860118 33.0000000000 34.0000000000 23.0000000000
-3.8427264286 -0.6240302380 0.0605859996 33.0000000000 34.0000000000 22.0000000000
-3.9474017215 -0.6435614880 0.0665827037 33.0000000000 33.0000000000 23.0000000000
-3.9163958621 -0.5175849256 0.0574808360 32.0000000000 31.0000000000 23.0000000000
2.3928082394 -0.4973212537 -0.0349187611 31.0000000000 32.0000000000 22.0000000000
2.3298809933 -0.4306708630 -0.0339116811 32.0000000000 32.0000000000 23.0000000000
2.0638897824 -0.3842841443 -0.0202169179 30.0000000000 32.0000000000 22.0000000000
1.6082013058 0.1301201526 -0.0153188466 37.0000000000 34.0000000000 25.0000000000
1.1693585324 0.3864678088 -0.0019140004 31.0000000000 32.0000000000 23.0000000000
0.4783795285 0.7568291370 0.0187845470 42.0000000000 42.0000000000 29.0000000000
-0.0019061160 0.9467705432 0.0348825694 42.0000000000 40.0000000000 27.0000000000
-0.2036273075 1.0524834338 0.0401849986 40.0000000000 39.0000000000 26.0000000000
-0.2754046512 1.1064385120 0.0411844493 39.0000000000 41.0000000000 27.0000000000
-0.3818499637 1.1135185901 0.0461817027 36.0000000000 37.0000000000 25.0000000000
-0.4964129520 1.1091240588 0.0520868541 33.0000000000 34.0000000000 24.0000000000
-0.5305926395 1.2136162463 0.0487833263 33.0000000000 34.0000000000 23.0000000000
-0.6754290653 1.2426689807 0.0544824840 32.0000000000 33.0000000000 24.0000000000
-0.7570941043 1.2822197620 0.0564813853 32.0000000000 33.0000000000 24.0000000000
-0.7797381473 1.4042900744 0.0517816783 32.0000000000 33.0000000000 23.0000000000
-0.8826434207 1.4140556994 0.0561838390 34.0000000000 35.0000000000 24.0000000000
-0.9004046512 1.5441826526 0.0507822276 32.0000000000 34.0000000000 23.0000000000
-1.0323016239 1.4345635120 0.0622873546 34.0000000000 35.0000000000 24.0000000000
-1.2154070926 1.6403740588 0.0607843639 35.0000000000 37.0000000000 26.0000000000
-1.2045428348 1.8146904651 0.0517816783 34.0000000000 37.0000000000 25.0000000000
-0.5222308231 -0.7692939099 -0.0254125356 31.0000000000 32.0000000000 22.0000000000
-0.6268450809 -0.7646552380 -0.0198125600 31.0000000000 32.0000000000 23.0000000000
-0.7041155887 -0.7260810193 -0.0173177480 31.0000000000 32.0000000000 23.0000000000
-0.7874285770 -0.6274482068 -0.0176152943 32.0000000000 33.0000000000 23.0000000000
-0.8441302371 -0.5627509412 -0.0177144765 31.0000000000 32.0000000000 24.0000000000
-1.2456194950 -0.8066474256 0.0166864635 30.0000000000 30.0000000000 22.0000000000
-1.2840106082 -0.6513739880 0.0108881236 30.0000000000 32.0000000000 23.0000000000
-1.5939471317 -0.9218818006 0.0414819957 30.0000000000 31.0000000000 22.0000000000
-1.6630999637 -0.7399970349 0.0358820201 31.0000000000 32.0000000000 21.0000000000
-1.5662371707 -0.4711982068 0.0167856456 28.0000000000 29.0000000000 21.0000000000
-1.6521136356 -0.4472724256 0.0200815440 30.0000000000 30.0000000000 21.0000000000
-1.9138934207 -0.6633368787 0.0451822520 29.0000000000 30.0000000000 21.0000000000
-1.8563983036 -0.5148993787 0.0343866588 28.0000000000 29.0000000000 20.0000000000
-1.8104388309 -0.1687079724 0.0137872935 30.0000000000 31.0000000000 22.0000000000
-2.2749163700 -0.6723700818 0.0644846202 30.0000000000 30.0000000000 22.0000000000
-2.1502215457 -0.3569403943 0.0412836314 32.0000000000 33.0000000000 24.0000000000
-2.1403948856 -0.1999579724 0.0323877574 29.0000000000 29.0000000000 20.0000000000
1.5663922238 -0.6381903943 -0.0345144032 35.0000000000 34.0000000000 23.0000000000
1.1920636105 -0.6540595349 -0.0119161366 28.0000000000 33.0000000000 22.0000000000
1.4351666379 -0.2478095349 -0.0432119130 36.0000000000 32.0000000000 23.0000000000
1.2692730832 -0.3669501599 -0.0286168813 37.0000000000 33.0000000000 24.0000000000
1.2102520871 -0.2988349256 -0.0281133412 34.0000000000 34.0000000000 23.0000000000
1.1925518918 -0.0466376599 -0.0380162953 30.0000000000 33.0000000000 22.0000000000
1.0475933957 0.0607842151 -0.0344152211 31.0000000000 32.0000000000 22.0000000000
0.9083722043 -0.0327216443 -0.0225133656 29.0000000000 32.0000000000 22.0000000000
0.9504864621 0.1545342151 -0.0331182240 30.0000000000 32.0000000000 22.0000000000
0.3121807980 -0.1884833630 0.0174875499 33.0000000000 35.0000000000 24.0000000000
-0.0363909793 0.6459892932 -0.0019140004 32.0000000000 34.0000000000 24.0000000000
-0.5275408817 0.8105400744 0.0157861949 35.0000000000 36.0000000000 26.0000000000
-0.6497942996 0.7958916370 0.0227823497 32.0000000000 33.0000000000 23.0000000000
-0.7038104129 1.0190361682 0.0146875621 32.0000000000 33.0000000000 23.0000000000
-1.0745989871 1.1884697620 0.0247812511 32.0000000000 33.0000000000 24.0000000000
-1.2240130496 1.2841728870 0.0273828746 32.0000000000 34.0000000000 23.0000000000
-1.3029925418 1.3259209338 0.0290842296 34.0000000000 35.0000000000 25.0000000000
-1.4398943973 1.3618096057 0.0338831187 34.0000000000 35.0000000000 25.0000000000
-1.5167986942 1.4062431994 0.0352869273 34.0000000000 36.0000000000 24.0000000000
-1.5755145145 1.4763115588 0.0344858409 33.0000000000 35.0000000000 25.0000000000
-1.6447283817 1.5317314807 0.0349817516 35.0000000000 36.0000000000 26.0000000000
-1.6757952762 1.6428154651 0.0307855846 35.0000000000 36.0000000000 25.0000000000
-1.6640154910 1.7387627307 0.0252847911 36.0000000000 37.0000000000 25.0000000000
-1.7486102176 1.7722099963 0.0274820567 36.0000000000 37.0000000000 25.0000000000
-1.8333270145 1.8056572620 0.0296869518 36.0000000000 37.0000000000 26.0000000000
-1.9680316043 1.7639092151 0.0379877330 37.0000000000 38.0000000000 26.0000000000
-2.0415179325 1.8132256213 0.0387811900 36.0000000000 37.0000000000 25.0000000000
-2.1196429325 1.8554619494 0.0400858165 35.0000000000 36.0000000000 26.0000000000
-2.2565447879 1.8884209338 0.0444879771 34.0000000000 35.0000000000 24.0000000000
-2.3533465457 1.9013603870 0.0480814220 34.0000000000 36.0000000000 24.0000000000
-2.4423358036 1.9260185901 0.0507822276 35.0000000000 35.0000000000 23.0000000000
-2.6182391239 -0.7888251599 0.0410852672 31.0000000000 32.0000000000 23.0000000000
-2.6063372684 -0.5642157849 0.0281839610 33.0000000000 33.0000000000 24.0000000000
0.5897076535 -0.6501532849 -0.0086126088 31.0000000000 32.0000000000 22.0000000000
-0.0410906864 0.2353447620 -0.0157155751 32.0000000000 35.0000000000 26.0000000000
-0.3408343387 0.0060967151 0.0110864879 34.0000000000 36.0000000000 25.0000000000
-0.6303240848 0.1318291370 0.0199823619 35.0000000000 33.0000000000 24.0000000000
-1.2252337528 0.4247978870 0.0353861095 32.0000000000 32.0000000000 23.0000000000
-1.8521258426 0.3718193713 0.0685816051 32.0000000000 34.0000000000 24.0000000000
-1.8260027957 0.5527275744 0.0579843761 32.0000000000 33.0000000000 24.0000000000
-1.9127947879 0.5788506213 0.0606851817 33.0000000000 34.0000000000 24.0000000000
-1.7045428348 0.9426201526 0.0318842174 33.0000000000 34.0000000000 24.0000000000
-1.5979144168 1.2419365588 0.0111856700 33.0000000000 34.0000000000 23.0000000000
-1.6636492801 1.3010185901 0.0111856700 32.0000000000 33.0000000000 24.0000000000
-1.7055193973 1.3940361682 0.0081873180 33.0000000000 33.0000000000 24.0000000000
-1.8242938114 1.3776787463 0.0144815684 34.0000000000 34.0000000000 24.0000000000
-1.8665911746 1.4704521838 0.0114832164 34.0000000000 36.0000000000 24.0000000000
-1.9965350223 1.5143974963 0.0150842906 34.0000000000 37.0000000000 25.0000000000
-2.0014178348 1.6628349963 0.0073862315 35.0000000000 36.0000000000 25.0000000000
-2.1469256473 1.6052178088 0.0169840099 37.0000000000 38.0000000000 26.0000000000
-2.2374407840 1.6279228870 0.0197839976 35.0000000000 35.0000000000 25.0000000000
-2.3001238895 1.6918877307 0.0190820934 35.0000000000 37.0000000000 25.0000000000
-2.2967059207 1.7758721057 0.0143823863 36.0000000000 37.0000000000 25.0000000000
-2.4337908817 1.7282646838 0.0229883434 36.0000000000 37.0000000000 25.0000000000
-2.4904315067 1.8015068713 0.0214853526 35.0000000000 36.0000000000 25.0000000000
-2.6149432254 1.7712334338 0.0284815074 34.0000000000 36.0000000000 24.0000000000
-2.6305071903 1.9077080432 0.0216837169 34.0000000000 36.0000000000 25.0000000000
-2.6987444950 1.9636162463 0.0214853526 35.0000000000 36.0000000000 25.0000000000
-3.3123309207 -0.8745185193 0.0481882335 32.0000000000 33.0000000000 24.0000000000
-3.3119036746 -0.7360907849 0.0400858165 30.0000000000 35.0000000000 25.0000000000
-3.6752459598 -0.6330634412 0.0517816783 35.0000000000 37.0000000000 26.0000000000
2.5986798214 -0.8537665662 -0.0375127553 29.0000000000 33.0000000000 22.0000000000
2.5580914425 -0.7648993787 -0.0374135732 28.0000000000 30.0000000000 20.0000000000
2.5031598019 -0.6904364880 -0.0358190297 31.0000000000 31.0000000000 20.0000000000
2.4208844113 -0.5781318006 -0.0337133168 31.0000000000 33.0000000000 22.0000000000
2.2147076535 -0.2636786756 -0.0295171498 35.0000000000 37.0000000000 25.0000000000
1.8784039425 0.1169365588 -0.0195150136 34.0000000000 35.0000000000 24.0000000000
1.7998516964 0.2355889026 -0.0182180165 34.0000000000 37.0000000000 24.0000000000
1.7493756222 0.3168877307 -0.0177144765 34.0000000000 37.0000000000 25.0000000000
1.6436627316 0.3376396838 -0.0115117787 34.0000000000 33.0000000000 23.0000000000
1.5446637082 0.3652275744 -0.0061177968 31.0000000000 33.0000000000 23.0000000000
1.5084698605 0.5317314807 -0.0094136952 33.0000000000 34.0000000000 23.0000000000
1.7373516964 0.9291924182 -0.0374135732 32.0000000000 33.0000000000 23.0000000000
1.4496930050 0.7441338244 -0.0128164052 31.0000000000 33.0000000000 23.0000000000
1.6060650754 1.0634697620 -0.0337133168 31.0000000000 33.0000000000 22.0000000000
1.5303814816 1.1191338244 -0.0308141469 31.0000000000 35.0000000000 23.0000000000
1.4308941769 1.1472099963 -0.0256185292 34.0000000000 35.0000000000 25.0000000000
1.1455548214 1.0295342151 -0.0037145375 35.0000000000 36.0000000000 25.0000000000
0.9956524777 1.4282158557 -0.0086126088 40.0000000000 41.0000000000 27.0000000000
-0.2926165653 -0.9423896130 -0.0218190907 30.0000000000 32.0000000000 24.0000000000
-0.4791400028 -0.5695868787 -0.0243139027 33.0000000000 33.0000000000 23.0000000000
-0.5521990848 -0.5236884412 -0.0214147328 31.0000000000 32.0000000000 23.0000000000
-2.2061907840 0.3955010120 0.0423822642 33.0000000000 34.0000000000 24.0000000000
-2.2501971317 0.4792412463 0.0411844493 32.0000000000 33.0000000000 23.0000000000
-2.3177020145 0.5302666370 0.0427866222 33.0000000000 33.0000000000 24.0000000000
-2.4401385379 0.4313896838 0.0545816661 33.0000000000 34.0000000000 24.0000000000
-2.5283343387 0.4526299182 0.0587854625 33.0000000000 34.0000000000 24.0000000000
-2.3892352176 0.7966240588 0.0346842052 33.0000000000 33.0000000000 24.0000000000
-2.2979266239 1.0764092151 0.0163812877 33.0000000000 34.0000000000 24.0000000000
-2.3707415653 1.1225517932 0.0183878184 32.0000000000 33.0000000000 23.0000000000
-2.5727068973 0.9811943713 0.0366831065 32.0000000000 34.0000000000 24.0000000000
-2.3188006473 1.4265068713 0.0010843517 30.0000000000 31.0000000000 22.0000000000
-2.3533465457 1.5300224963 -0.0018148183 33.0000000000 33.0000000000 23.0000000000
-2.4544207645 1.5363701526 0.0036859752 33.0000000000 34.0000000000 23.0000000000
-2.5341937137 1.5737236682 0.0063867809 32.0000000000 34.0000000000 24.0000000000
-2.5420062137 1.7184990588 -0.0001134633 32.0000000000 34.0000000000 23.0000000000
-2.7071063114 1.7065361682 0.0096826793 34.0000000000 35.0000000000 24.0000000000
-2.7128436160 1.8561943713 0.0027857066 33.0000000000 35.0000000000 24.0000000000
-2.8153216434 1.8591240588 0.0082865001 35.0000000000 36.0000000000 25.0000000000
-2.8449236942 1.9738701526 0.0043878795 35.0000000000 36.0000000000 24.0000000000
-2.9237200809 2.0131767932 0.0067835094 35.0000000000 36.0000000000 24.0000000000
-3.0241229129 2.0185478870 0.0118875743 35.0000000000 36.0000000000 25.0000000000
-3.1781146121 2.0200127307 0.0201883556 35.0000000000 37.0000000000 25.0000000000
-4.0217425418 -0.8947821912 0.0560846568 29.0000000000 29.0000000000 20.0000000000
-4.0783221317 -0.8393622693 0.0565881969 31.0000000000 34.0000000000 23.0000000000
-4.0558001590 -0.6665107068 0.0460825206 31.0000000000 32.0000000000 23.0000000000
-4.0587298465 -0.5300360974 0.0390863658 33.0000000000 33.0000000000 23.0000000000
-4.1360003543 -0.4326239880 0.0384836436 32.0000000000 33.0000000000 23.0000000000
-4.1920306278 -0.3740302380 0.0386820079 36.0000000000 34.0000000000 24.0000000000
-4.2886492801 -0.3774482068 0.0444879771 36.0000000000 35.0000000000 24.0000000000
-4.3296038700 -0.2959052380 0.0424814464 35.0000000000 34.0000000000 24.0000000000
-6.1247088504 -0.8935614880 0.0401849986 33.0000000000 33.0000000000 23.0000000000
-6.2921282840 -0.8864814099 0.0490808726 32.0000000000 33.0000000000 24.0000000000
-6.3231341434 -0.7148505506 0.0400858165 33.0000000000 33.0000000000 24.0000000000
-6.3831927371 -0.6696845349 0.0404825450 32.0000000000 32.0000000000 23.0000000000
-6.4560076786 -0.6469794568 0.0430841685 33.0000000000 34.0000000000 23.0000000000
2.8825543332 -0.8178778943 -0.0247182607 29.0000000000 31.0000000000 21.0000000000
2.7903912472 -0.6491767224 -0.0245122670 29.0000000000 31.0000000000 21.0000000000
2.7219708371 -0.5871650037 -0.0223150014 30.0000000000 33.0000000000 22.0000000000
2.6562970090 -0.5224677380 -0.0204152821 30.0000000000 31.0000000000 22.0000000000
2.5903790402 -0.4580146130 -0.0184163808 31.0000000000 32.0000000000 22.0000000000
2.5410015988 -0.3098212537 -0.0205144643 30.0000000000 32.0000000000 23.0000000000
2.3433697629 -0.1152411756 -0.0151128529 31.0000000000 32.0000000000 23.0000000000
1.9287579464 0.0483330432 0.0042810680 31.0000000000 34.0000000000 24.0000000000
1.5175030636 0.6254814807 0.0073862315 30.0000000000 32.0000000000 22.0000000000
0.0959942746 -0.9086982068 -0.0190191029 30.0000000000 32.0000000000 22.0000000000
-0.0764910770 -0.8459540662 -0.0109166859 30.0000000000 31.0000000000 23.0000000000
-2.3522479129 0.6015556994 0.0541849376 36.0000000000 36.0000000000 25.0000000000
-2.3479144168 0.6813896838 0.0499811412 34.0000000000 34.0000000000 24.0000000000
-2.2124163700 1.1755303088 0.0182810069 37.0000000000 36.0000000000 24.0000000000
-2.4451434207 1.1420830432 0.0322809459 35.0000000000 34.0000000000 23.0000000000
-4.2070452762 -0.9267646130 0.0669870616 31.0000000000 31.0000000000 22.0000000000
-4.2409197879 -0.8371650037 0.0637827159 31.0000000000 32.0000000000 22.0000000000
-4.3079974246 -0.7976142224 0.0652857066 32.0000000000 33.0000000000 22.0000000000
-4.2783953739 -0.6811591443 0.0570841075 31.0000000000 32.0000000000 23.0000000000
-4.3568255496 -0.6584540662 0.0599832774 33.0000000000 35.0000000000 24.0000000000
-4.4007098270 -0.5825263318 0.0580835582 34.0000000000 35.0000000000 25.0000000000
-4.4895159793 -0.4306708630 0.0541849376 36.0000000000 35.0000000000 25.0000000000
-4.6460101200 -0.5319892224 0.0682840587 34.0000000000 34.0000000000 25.0000000000
-4.6365496707 -0.4436103162 0.0626840831 33.0000000000 34.0000000000 24.0000000000
-4.7194964481 -0.4289618787 0.0662851573 33.0000000000 35.0000000000 25.0000000000
-4.8099505496 -0.4267646130 0.0708856822 34.0000000000 36.0000000000 24.0000000000
-4.7924944950 -0.2497626599 0.0596857310 33.0000000000 35.0000000000 24.0000000000
-4.9133441043 -0.2971259412 0.0686884166 34.0000000000 35.0000000000 24.0000000000
-4.9933001590 -0.2785712537 0.0716867686 35.0000000000 36.0000000000 24.0000000000
-4.9130999637 -0.0705634412 0.0553827525 33.0000000000 35.0000000000 24.0000000000
-4.9404437137 0.0368584338 0.0504846812 33.0000000000 34.0000000000 23.0000000000
3.4284527707 -0.8002997693 -0.0304174184 29.0000000000 31.0000000000 20.0000000000
3.3290875363 -0.7675849256 -0.0252141713 27.0000000000 29.0000000000 19.0000000000
3.2775738644 -0.6872626599 -0.0245122670 29.0000000000 29.0000000000 21.0000000000
2.9936993527 -0.6438056287 -0.0080175160 30.0000000000 31.0000000000 20.0000000000
2.8566754269 -0.1840888318 -0.0148153066 29.0000000000 32.0000000000 21.0000000000
0.3347027707 -0.7915107068 -0.0114125966 29.0000000000 30.0000000000 22.0000000000
-0.3419940067 -0.2509833630 0.0065851451 32.0000000000 32.0000000000 23.0000000000
-0.8271014286 0.0419853870 0.0219812633 33.0000000000 35.0000000000 26.0000000000
-0.9147479129 0.1403740588 0.0225839854 29.0000000000 31.0000000000 21.0000000000
-2.7142474246 -0.9084540662 0.0049829723 31.0000000000 33.0000000000 23.0000000000
-2.8957049442 -0.8171454724 0.0107813121 30.0000000000 33.0000000000 23.0000000000
-3.0672137332 -0.6418525037 0.0112848521 32.0000000000 31.0000000000 25.0000000000
-3.2481219364 -0.5502997693 0.0165872813 33.0000000000 33.0000000000 25.0000000000
-3.3110491825 -0.5000068006 0.0174875499 33.0000000000 36.0000000000 26.0000000000
-3.4600970340 -0.5769110974 0.0299844981 34.0000000000 33.0000000000 24.0000000000
-3.5717913700 -0.5998603162 0.0374841930 33.0000000000 34.0000000000 24.0000000000
-3.6235491825 -0.5339423474 0.0366831065 33.0000000000 35.0000000000 26.0000000000
-3.6919085575 -0.5649482068 0.0421839000 35.0000000000 35.0000000000 23.0000000000
1.3269513058 -0.8103095349 -0.0583181142 35.0000000000 31.0000000000 24.0000000000
1.2926495480 -0.7153388318 -0.0595159291 27.0000000000 30.0000000000 22.0000000000
1.2539532590 -0.6247626599 -0.0603170155 128.0000000000 128.0000000000 128.0000000000
1.2938702511 -0.4443427380 -0.0697164296 34.0000000000 30.0000000000 27.0000000000
1.3576519894 -0.2348700818 -0.0818166493 29.0000000000 30.0000000000 19.0000000000
0.9647076535 -0.5512763318 -0.0441121816 33.0000000000 32.0000000000 23.0000000000
1.2447979855 -0.0205146130 -0.0826177358 27.0000000000 31.0000000000 20.0000000000
0.9150860714 0.3605889026 -0.0764150380 128.0000000000 128.0000000000 128.0000000000
0.7299664425 0.4206474963 -0.0671148061 128.0000000000 128.0000000000 128.0000000000
0.7090924191 0.5383232776 -0.0705175160 128.0000000000 128.0000000000 128.0000000000
0.4197857785 0.4672783557 -0.0497121571 128.0000000000 128.0000000000 128.0000000000
0.3051007199 0.3957451526 -0.0396184682 53.0000000000 56.0000000000 37.0000000000
0.4138653683 0.6765068713 -0.0579137563 29.0000000000 35.0000000000 24.0000000000
0.3666851925 0.7626885120 -0.0585164784 128.0000000000 128.0000000000 128.0000000000
0.3214581418 0.8517998401 -0.0594167470 128.0000000000 128.0000000000 128.0000000000
0.2686016964 0.9313896838 -0.0595159291 128.0000000000 128.0000000000 128.0000000000
0.1396954464 0.9130791370 -0.0509176015 33.0000000000 36.0000000000 26.0000000000
0.0045025754 0.9597099963 -0.0448140858 32.0000000000 35.0000000000 25.0000000000
2.5796978879 -0.1193915662 -0.0391149281 31.0000000000 31.0000000000 25.0000000000
